010000002300004000000050600000003070006010500020700000005020000000900003700000040     1   5584
010000009300004000000050600000003070006010500020400000005020000000900003700000040     2   6419
060000009300004000000050600000003070006010500090400000005020000000900003700000040     3   6212
060000009300004000000050700000003070006010500090600000005020000000900003700000040     4   3764
060000009300004000000080700000003070006010800090600000005020000000900003700000040     5   3557
060000009300004000000080700000003070005010800090600000008020000000900003700000040     6   7353
060000009300004000000080700000003070005010800090600000002050000000900003700000040     7   7573
060000009300004000000080200000003020005010800090600000002050000000900003700000040     8   4837
060000009300007000000080200000003020005070800090600000002050000000900003700000040     9   2655
060000009300007000000080500000003020004070800090600000002050000000900003700000040    10   5337
060000009300007000000080100000003020004070800090600000002050000000900003700000080    11   3798
060000009300007000000080100000003020004070800090600000002090000000100003700000080    12   8475
060000009300007000000080100000003020004070800090600000002090000000400006700000080    13   8984
060000009300007000000080100000001020004070800090600000001090000000400006700000080    14   7346
060000009100007000000080100000003020004070800090600000001090000000400006700000080    15   4621
060000009200007000000080100000003010004070800090600000001090000000400006700000080    16   4821
060000009200007000000080300000003010004070800090600000003090000000400006700000080    17   3773
060000009200007000000080300000004010004070800090600000003090000000200006700000080    18   8446
060000009200007000000080300000004050004070800090600000005090000000200006700000080    19   7348
060000009200007000000080400000004030004070800090600000005090000000200006700000080    20   4837
